Name,Issuer,Type,Tier,Min Spend,Cap,Dining Rate,Groceries Rate,Petrol Rate,Transport Rate,Streaming Rate,Entertainment Rate,Utilities Rate,Retail Rate,Online Rate,Travel Rate,Overseas Rate,Base Rate,Income Requirement,Categories,Source
Citi Cash Back,Citibank,Cashback,,800,80,6,6,8,,,,,,,,,0.2,30000,"Dining, Groceries, Petrol, Private Commute",https://www1.citibank.com.sg/credit-cards/cashback/citi-cash-back-card
Citi PremierMiles,Citibank,Miles,,,,,,,,,,,,,10,2.2,1.2,30000,"FX, Travel",https://www1.citibank.com.sg/credit-cards/travel/premiermiles-card
Citi Prestige,Citibank,Miles,,,,,,,,,,,,,,2,1.3,120000,Overseas,https://www.citibank.com.sg/credit-cards/rewards/prestige-credit-card/?icid=SGCCURHENCTCDCALM&lid=SGENCGGCGMITLAllCreditCards
Citi Rewards,Citibank,Miles,,800,,,,,,4,,,4,4,,,0.4,30000,"Online, Retail",https://www.citibank.com.sg/credit-cards/rewards/citi-rewards-card/
DBS Live Fresh,DBS,Cashback,,800,70,,,,6,,,,,,,3.25,0.3,30000,"FX, Overseas, Transport",https://www.dbs.com.sg/personal/cards/credit-cards/live-fresh-dbs-visa-paywave-platinum-card
DBS Women’s,DBS,Miles,,,1000,,,,,,,,,2,,,0.4,30000,Online,https://www.dbs.com.sg/personal/cards/credit-cards/dbs-woman-mastercard-card
DBS Women’s World,DBS,Miles,,,1500,,,,,,,,,4,,1.2,0.4,80000,Online,https://www.dbs.com.sg/personal/cards/credit-cards/dbs-woman-mastercard-card
HSBC Live+,HSBC,Cashback,Low,600,83.3,5,,5,,5,5,,5,,,,0.3,30000,"Dining, Retail, Streaming",https://www.hsbc.com.sg/credit-cards/products/liveplus/#fn-cards-liveplus-minimum
HSBC Live+,HSBC,Cashback,High,1000,83.3,8,,8,,8,8,,8,,,,0.3,30000,"Dining, Retail, Streaming",https://www.hsbc.com.sg/credit-cards/products/liveplus/#fn-cards-liveplus-minimum
HSBC Revolution,HSBC,Miles,,,,,,,4,,,,,4,,,0.4,30000,"Online, Transport",https://www.hsbc.com.sg/credit-cards/products/revolution/
Maybank Horizon Visa Signature,Maybank,Miles,,800,,1.2,1.2,1.2,1.2,,,0.56,1.2,,2.8,2.8,0.4,30000,"Overseas, Travel",https://www.maybank2u.com.sg/en/personal/cards/credit/maybank-horizon-visa-signature-card.page
Maybank World Mastercard,Maybank,Miles,,800,,4,,4,,,,,,,,2.8,0.4,30000,"Dining, Overseas, Petrol",https://www.maybank2u.com.sg/en/personal/cards/credit/maybank-world-mastercard.page
OCBC 365,OCBC,Cashback,Low,800,80,5,3,6,3,3,,3,,,,,0.25,30000,"Dining, Groceries, Petrol, Streaming, Transport, Utilities",https://www.ocbc.com/personal-banking/cards/365-cashback-credit-card
OCBC 365,OCBC,Cashback,High,1600,160,5,3,6,3,3,,3,,,,,0.25,30000,"Dining, Groceries, Petrol, Streaming, Transport, Utilities",https://www.ocbc.com/personal-banking/cards/365-cashback-credit-card
OCBC Rewards,OCBC,Miles,,,1110,,,,,,,,6,4,,,0.4,30000,"Online, Retail",https://www.ocbc.com/personal-banking/cards/rewards-card
SC Journey,Standard Chartered,Miles,,,1000,3,3,,3,,,,,,,2,1.2,30000,"Dining, Groceries, Transport",https://www.sc.com/sg/credit-cards/journey-credit-card/
SC Simply Cash,Standard Chartered,Cashback,,,,,,,,,,,,,,,1.5,30000,,https://www.sc.com/sg/credit-cards/
SC Smart,Standard Chartered,Cashback,Low,800,,8,,,8,8,,,,,,,1,30000,"Dining, Streaming, Transport",https://www.sc.com/sg/credit-cards/
SC Smart,Standard Chartered,Cashback,High,1500,,10,,,10,10,,,,,,,1,30000,"Dining, Streaming, Transport",https://www.sc.com/sg/credit-cards/
UOB Absolute,UOB,Cashback,,,,,,,,,,,,,,,1.7,30000,,https://www.uob.com.sg/personal/cards/cashback/absolute-cashback-card.page
UOB KrisFlyer,UOB,Miles,,1000,,2.4,,,2.4,,,,,2.4,2.4,,1.2,30000,"Dining, Online, Transport, Travel",https://www.uob.com.sg/personal/cards/travel/krisflyer-card.page
UOB Lady’s,UOB,Miles,,,1000,4,,,4,,4,,4,,4,,0.4,30000,"Dining, Entertainment, Retail, Travel",https://www.uob.com.sg/personal/cards/rewards/ladys-card/index.page
UOB Platinum Visa,UOB,Miles,,,1110,,,,,,,,4,4,,,0.4,30000,"Online, Retail",https://www.uob.com.sg/personal/cards/rewards/preferred-platinum-visa-card.page
UOB PRVI Miles,UOB,Miles,,,,,,,,,,,,3,8,5,1.4,30000,"Online, Overseas, Travel",https://www.uob.com.sg/personal/cards/travel/prvi-miles-card.page
UOB Visa Signature,UOB,Miles,,1000,2000,,,4,,,,,4,,,4,0.4,30000,"Overseas, Petrol, Retail",https://www.uob.com.sg/personal/cards/rewards/visa-signature-card.page
Trust Cashback,Trust,Cashback,Low,500,10,5,5,5,5,5,5,,5,5,5,,1,30000,"Dining, Shopping, Travel, Transport, Entertainment",https://trustbank.sg/cashback-credit-card/
Trust Cashback,Trust,Cashback,Mid,1000,33.3,10,10,10,10,10,10,,10,10,10,,1,30000,"Dining, Shopping, Travel, Transport, Entertainment",https://trustbank.sg/cashback-credit-card/
Trust Cashback,Trust,Cashback,High,2000,83.3,15,15,15,15,15,15,,15,15,15,,1,30000,"Dining, Shopping, Travel, Transport, Entertainment",https://trustbank.sg/cashback-credit-card/
